6 0.357230 0.617647 0.063113 0.046569
2 0.948376 0.694036 0.045037 0.021242
6 0.515165 0.719363 0.048100 0.026961
6 0.461703 0.606618 0.023897 0.029412
6 0.850184 0.519199 0.019608 0.023693
4 0.679688 0.510825 0.008272 0.011846
4 0.302849 0.065564 0.016850 0.012663
4 0.544271 0.089052 0.015012 0.008987
4 0.468750 0.807394 0.006127 0.011029
4 0.502145 0.764502 0.008578 0.006944
4 0.013480 0.800858 0.024510 0.022467
5 0.212623 0.806373 0.093137 0.065359
5 0.157782 0.815564 0.064338 0.054330
5 0.563879 0.045956 0.032169 0.034722
3 0.395374 0.519608 0.007659 0.005719
6 0.067096 0.757966 0.054534 0.045343
5 0.024050 0.823121 0.048100 0.058007
6 0.499081 0.755719 0.027574 0.084150
7 0.252757 0.783292 0.096814 0.091095
4 0.606618 0.790850 0.003676 0.017974
